4500	10.3	1.5
5000	10.04281879438038	1.7373980359565726
5500	9.939946312132532	1.8323572503392018
6000	9.92650499478803	1.901054637393182
6500	9.859298408065518	2.244541572663083
7000	9.82145438462441	2.378847708639465
7500	9.748246266334595	2.57567395540667
8000	9.748246266334595	2.57567395540667
8500	9.666115639892972	2.9159011738950014
9000	9.633263389316324	3.051992061290334
9500	9.576711481287457	3.2542341975980147
10000	9.50130893724897	3.52389037934159
10500	9.514813824667288	3.6632374927520175
11000	9.548576043213085	4.011605276278086
11500	9.566671729244616	4.150353653675183
12000	9.623387940856473	4.4957277571346035
12500	9.634731183178843	4.564802577826488
13000	9.745232059521284	4.743379049758131
13500	9.745232059521284	4.743379049758131
14000	9.745232059521284	4.743379049758131
14500	9.62980254006258	5.073797006348769
15000	9.60671663617084	5.139880597666897
15500	9.50705389494564	5.238203219740756
16000	9.357559783107842	5.385687152851544
16500	9.357559783107842	5.385687152851544
17000	9.335971549801368	5.524012668150441
17500	9.335971549801368	5.524012668150441
18000	9.335971549801368	5.524012668150441
18500	9.335971549801368	5.524012668150441
19000	9.335971549801368	5.524012668150441
19500	8.994705784355979	5.446310175687376
20000	8.789946325088746	5.399688680209539
20500	8.591356273105049	5.331409904201811
21000	8.525159589110483	5.3086503121992346
21500	8.525159589110483	5.3086503121992346
22000	8.50594632630618	5.029310285471213
22500	8.501143010605105	4.959475278789207
23000	8.501143010605105	4.959475278789207
23500	8.539413283590815	4.682102990689622
24000	8.539413283590815	4.682102990689622
24500	8.540155087237551	4.612106921318909
25000	8.54238049817776	4.402118713206769
25500	8.54238049817776	4.402118713206769
26000	8.54238049817776	4.402118713206769
26500	8.54238049817776	4.402118713206769
27000	8.54238049817776	4.402118713206769
27500	8.54238049817776	4.402118713206769
28000	8.53256892319226	4.33280974555969
28500	8.483511048264756	3.9862649073242933
29000	8.463887898293754	3.8476469720301347
29500	8.463887898293754	3.8476469720301347
30000	8.396529950542497	3.828596857207937
30500	8.059740211786215	3.7333462830969495
31000	8.059740211786215	3.7333462830969495
31500	8.059740211786215	3.7333462830969495
32000	8.059740211786215	3.7333462830969495
32500	8.059740211786215	3.7333462830969495
33000	7.929948865377973	3.6808657495865527
33500	7.605470499357369	3.5496644158105606
34000	7.280992133336765	3.4184630820345676
34500	7.216096460132644	3.392222815279369
35000	7.216096460132644	3.392222815279369
35500	7.14998995656142	3.3692026027350046
36000	6.819457438705299	3.2541015400131816
36500	6.5550314244204015	3.1620206898357224
37000	6.5550314244204015	3.1620206898357224
37500	6.5550314244204015	3.1620206898357224
38000	6.42504510637955	3.110024948450654
38500	6.1000793112774225	2.980035594987983
39000	5.775113516175296	2.8500462415253116
39500	5.6631690869831965	2.6193642770949723
40000	5.584916970030408	2.2782241208652967
40500	5.5692665466398505	2.2099960896193616
41000	5.5692665466398505	2.2099960896193616
41500	5.5692665466398505	2.2099960896193616
42000	5.521666435988583	1.9340717712529174
42500	5.474066325337314	1.6581474528864732
43000	5.474066325337314	1.6581474528864732
43500	5.474066325337314	1.6581474528864732
44000	5.474066325337314	1.6581474528864732
44500	5.513015582091333	1.5999842738269552
45000	5.707761865861426	1.3091683785293649
45500	5.785660379369462	1.1928420204103285
46000	5.9179434278017595	1.0297432923421477
46500	5.962037777279192	0.9753770496527541
47000	5.962037777279192	0.9753770496527541
47500	6.103736313056704	0.7338785507785189
48000	6.139160947001082	0.6735039260599602
48500	6.139160947001082	0.6735039260599602
49000	6.139160947001082	0.6735039260599602
49500	6.139160947001082	0.6735039260599602
50000	6.139160947001082	0.6735039260599602
50500	6.139160947001082	0.6735039260599602
51000	6.0170092966616355	0.741906954643127
51500	5.833781821152465	0.844511497517877
52000	5.833781821152465	0.844511497517877
52500	5.559908859408777	0.9027661181564116
53000	5.422972378536933	0.9318934284756789
53500	5.422972378536933	0.9318934284756789
54000	5.422972378536933	0.9318934284756789
54500	5.422972378536933	0.9318934284756789
55000	5.177621365371774	0.7969753780197464
55500	5.177621365371774	0.7969753780197464
56000	5.177621365371774	0.7969753780197464
56500	5.177621365371774	0.7969753780197464
57000	5.177621365371774	0.7969753780197464
57500	5.177621365371774	0.7969753780197464
58000	5.177621365371774	0.7969753780197464
58500	5.177621365371774	0.7969753780197464
59000	5.0378693862712645	1.0396055169915779
59500	4.898117407170753	1.2822356559634094
60000	4.898117407170753	1.2822356559634094
60500	4.702289692101171	1.3580743400937834
61000	4.571737882054784	1.408633462847366
61500	4.571737882054784	1.408633462847366
62000	4.319599580217968	1.530396662324246
62500	4.067461278381153	1.6521598618011255
63000	4.067461278381153	1.6521598618011255
63500	3.936318494785846	1.70116568095431
64000	3.6084615357975798	1.8236802288372715
64500	3.6084615357975798	1.8236802288372715
65000	3.4108887145244133	1.8948489037874303
65500	3.081600679069136	2.0134633620376943
66000	3.0157430719780804	2.037186253687747
66500	2.8992348150084086	2.1148124480933013
67000	2.8992348150084086	2.1148124480933013
67500	2.8992348150084086	2.1148124480933013
68000	2.8992348150084086	2.1148124480933013
68500	2.9677654662030126	2.1290795377349734
69000	3.3104187221760326	2.200414985943334
69500	3.4474800245652406	2.228949165226678
70000	3.5821638329071033	2.2671626676902377
70500	3.91887335376176	2.362696423849136
71000	3.9862152579326913	2.3818031750809157
71500	4.054111144445742	2.3988369237759883
72000	4.393590577010997	2.4840056672513526
72500	4.461486463524048	2.5010394159464253
73000	4.598592253744307	2.529359060860833
73500	4.804250939074696	2.5718385282324454
74000	4.804250939074696	2.5718385282324454
74500	4.9214653497807275	2.648394272124317
75000	5.214501376545806	2.839783631853996
75500	5.273108581898822	2.8780615037999318
76000	5.273108581898822	2.8780615037999318
76500	5.402086632674787	3.043786162248917
77000	5.617050050634728	3.3199939263305587
77500	5.746028101410693	3.485718584779543
78000	6.0172432586152915	3.7069477386053555
78500	6.23421538437897	3.883931061666006
79000	6.329950744986039	3.986081640369382
79500	6.569289146503712	4.241458087127822
80000	6.760759867717848	4.445759244534574
80500	6.872371362678836	4.530274770874848
81000	7.151400100081302	4.741563586725533
81500	7.207205847561795	4.78382134989567
82000	7.207205847561795	4.78382134989567
82500	7.439296643110396	4.940454241146574
83000	7.439296643110396	4.940454241146574
83500	7.439296643110396	4.940454241146574
84000	7.439296643110396	4.940454241146574
84500	7.306827883691241	4.985753554363773
85000	6.975655985143355	5.099001837406773
85500	6.644484086595465	5.212250120449772
86000	6.31491502241868	5.3300164597164095
86500	6.117814717661052	5.402483485765849
87000	6.117814717661052	5.402483485765849
87500	5.981731902140796	5.435369156202681
88000	5.777607678860412	5.484697661857928
88500	5.777607678860412	5.484697661857928
89000	5.777607678860412	5.484697661857928
89500	5.777607678860412	5.484697661857928
90000	5.777607678860412	5.484697661857928
90500	5.777607678860412	5.484697661857928
91000	5.782840468586406	5.414893522212177
91500	5.809004417216375	5.06587282398342
92000	5.835168365846345	4.716852125754663
92500	5.840401155572339	4.647047986108912
93000	5.7390658219971975	4.550450107409559
93500	5.485727488059344	4.308955410661178
94000	5.384392154484203	4.212357531961825
94500	5.244810104362513	4.20154775472888
95000	4.895854979058286	4.174523311646516
95500	4.6196006603979685	4.17897018666088
96000	4.285194443009061	4.282277890979794
96500	4.084550712575718	4.344262513571142
97000	3.886681531651236	4.414603022812082
97500	3.5568995634437663	4.531837204880313
98000	3.4909431698022724	4.55528404129396
98500	3.3616911657375033	4.609079203206913
99000	3.0385611555755805	4.743567107989297
99500	2.844683149478427	4.824259850858728
100000	2.6360920847421028	4.848544984421598
100500	2.2884403101815627	4.889020207026383
101000	2.0798492454452386	4.913305340589254
101500	1.808903959839686	4.842674949056107
102000	1.7411676384382981	4.8250173511728205
102500	1.7411676384382981	4.8250173511728205
103000	1.6269274048230504	4.7440904148442185
103500	1.3984469375925543	4.582236542187014
104000	1.3984469375925543	4.582236542187014
104500	1.3984469375925543	4.582236542187014
105000	1.1733509330572822	4.415707899778999
105500	1.1733509330572822	4.415707899778999
106000	1.1733509330572822	4.415707899778999
106500	1.1733509330572822	4.415707899778999
107000	1.0741127813761318	4.316956751679806
107500	1.0741127813761318	4.316956751679806
108000	1.0741127813761318	4.316956751679806
108500	1.0741127813761318	4.316956751679806
109000	1.0741127813761318	4.316956751679806
109500	1.0741127813761318	4.316956751679806
110000	1.0741127813761318	4.316956751679806
110500	1.0741127813761318	4.316956751679806
111000	1.0741127813761318	4.316956751679806
111500	1.0741127813761318	4.316956751679806
112000	1.0741127813761318	4.316956751679806
112500	1.0741127813761318	4.316956751679806
113000	1.3138582902063534	4.46160145775555
113500	1.6135401762441306	4.642407340350229
114000	1.6135401762441306	4.642407340350229
114500	1.8686324467200126	4.757854010044334
115000	2.187497784814865	4.902162347161965
115500	2.3811123778701493	4.983485095246596
116000	2.703803366295623	5.1190230087209825
116500	2.9059249742671733	5.172030499020883
117000	3.2498834999833126	5.236780268033441
117500	3.525050320556224	5.288580083243489
118000	3.7996723097172667	5.3431947613916915
118500	4.142949796168571	5.411463109076945
119000	4.142949796168571	5.411463109076945
119500	4.415220014386968	5.476800145061955
120000	4.551355123496167	5.50946866305446
120500	4.618109202165322	5.5305374309594
121000	4.618109202165322	5.5305374309594
121500	4.618109202165322	5.5305374309594
122000	4.618109202165322	5.5305374309594
122500	4.618109202165322	5.5305374309594
123000	4.618109202165322	5.5305374309594
123500	4.618109202165322	5.5305374309594
124000	4.618109202165322	5.5305374309594
124500	4.479507890112553	5.550277651253282
125000	4.133004609980631	5.5996282019879855
125500	3.7865013298487087	5.648978752722691
126000	3.5785993617695553	5.678589083163515
126500	3.439279391923238	5.664806993263171
127000	3.090979467307444	5.630351768512308
127500	2.9516594974611268	5.616569678611963
128000	2.672503035537125	5.594851719083655
128500	2.3933465736131234	5.573133759555347
129000	2.3933465736131234	5.573133759555347
129500	2.1139231012602826	5.555174831461457
130000	1.7646437608192325	5.532726171344095
130500	1.6249555562833198	5.542064560580627
131000	1.2757350449435378	5.565410533671956
131500	1.2058909426755815	5.570079728290223
132000	0.9961016515343998	5.57948469094196
132500	0.9261718878206726	5.58261967849254
133000	0.9261718878206726	5.58261967849254
133500	0.9261718878206726	5.58261967849254
134000	0.7890142330098748	5.610687056831138
134500	0.7890142330098748	5.610687056831138
135000	0.7890142330098748	5.610687056831138
135500	0.7890142330098748	5.610687056831138
136000	0.7890142330098748	5.610687056831138
136500	0.85006449551129	5.576439933616067
137000	1.1553158080183663	5.405204317540709
137500	1.3384665955226125	5.302462947895495
138000	1.3384665955226125	5.302462947895495
138500	1.4970625300128695	5.164813648721244
139000	1.7613890874966316	4.935398150097495
139500	1.858632301678044	4.8346819284861375
140000	2.053118730040869	4.633249485263423
140500	2.053118730040869	4.633249485263423
141000	2.053118730040869	4.633249485263423
141500	2.053118730040869	4.633249485263423
142000	2.2262259268302125	4.413172456885323
142500	2.35605632442222	4.248114685601747
143000	2.35605632442222	4.248114685601747
143500	2.35605632442222	4.248114685601747
144000	2.35605632442222	4.248114685601747
144500	2.35605632442222	4.248114685601747
145000	2.35605632442222	4.248114685601747
145500	2.35605632442222	4.248114685601747
146000	2.35605632442222	4.248114685601747
146500	2.35605632442222	4.248114685601747
147000	2.35605632442222	4.248114685601747
147500	2.35605632442222	4.248114685601747
148000	2.35605632442222	4.248114685601747
148500	2.35605632442222	4.248114685601747
149000	2.35605632442222	4.248114685601747
149500	2.35605632442222	4.248114685601747
150000	2.35605632442222	4.248114685601747
150500	2.4302350360917706	4.444577197891105
151000	2.5291399849845053	4.706527214276915
151500	2.5291399849845053	4.706527214276915
152000	2.5291399849845053	4.706527214276915
152500	2.8090379836109545	4.698970074281637
153000	3.158910481894016	4.689523649287537
153500	3.3384676867073413	4.551464812470599
154000	3.3978799949574916	4.350044412241653
154500	3.3978799949574916	4.350044412241653
155000	3.6510287429981942	4.23039613032576
155500	3.904177491038897	4.110747848409868
156000	3.904177491038897	4.110747848409868
156500	4.1050000574897085	4.0493451057666485
157000	4.439704334907727	3.947007201361283
157500	4.439704334907727	3.947007201361283
158000	4.78937234467231	3.9622480329421355
158500	4.99917315053106	3.9713925318906473
159000	4.99917315053106	3.9713925318906473
159500	5.058751249324072	4.2449806349657075
160000	5.10343482341883	4.450171712272002
160500	5.10343482341883	4.450171712272002
161000	5.10343482341883	4.450171712272002
161500	5.10343482341883	4.450171712272002
162000	5.10343482341883	4.450171712272002
162500	5.10343482341883	4.450171712272002
163000	5.400940272033553	4.265806563600806
163500	5.698445720648277	4.081441414929608
164000	5.995951169263	3.89707626625841
164500	6.065031071287546	3.8857640102376525
165000	6.410430581410276	3.8292027301338645
165500	6.410430581410276	3.8292027301338645
166000	6.61942153961187	3.8086411302452348
166500	6.967739803281193	3.7743717970975172
167000	7.107067108748922	3.7606640638384303
167500	7.4560742489619996	3.7343198788958265
168000	7.805081389175077	3.7079756939532227
168500	8.084287101345538	3.6869003459991405
169000	8.084287101345538	3.6869003459991405
169500	8.363997283976985	3.699636661489946
170000	8.643707466608433	3.712372976980751
170500	8.783263266024903	3.7012294205811904
171000	9.13215276456608	3.6733705295822876
171500	9.481042263107256	3.6455116385833843
172000	9.685170319068977	3.5961989954856044
172500	9.685170319068977	3.5961989954856044
173000	9.685170319068977	3.5961989954856044
173500	9.685170319068977	3.5961989954856044
174000	9.685170319068977	3.5961989954856044
174500	9.685170319068977	3.5961989954856044
175000	9.685170319068977	3.5961989954856044
175500	9.701227995179599	3.3868138216123658
176000	9.727990788697301	3.0378385318236347
176500	9.754753582215006	2.6888632420349037
177000	9.770811258325631	2.479478068161665
177500	9.770811258325631	2.479478068161665
178000	9.770811258325631	2.479478068161665
178500	10.02805201161725	2.242144558420708
179000	10.182396463592221	2.0997444525761337
179500	10.246865001705759	2.072471616392427
180000	10.440270616046371	1.9906531078413066
180500	10.440270616046371	1.9906531078413066
181000	10.440270616046371	1.9906531078413066
181500	10.238444190749417	1.9326350584785985
182000	9.902066815254495	1.8359383095407518
182500	9.565689439759572	1.7392415606029046
183000	9.565689439759572	1.7392415606029046
183500	9.232831950439188	1.6310477908962797
184000	8.899974461118804	1.5228540211896557
184500	8.771621311477336	1.4683058840323373
185000	8.46271305259038	1.30375896795237
185500	8.215586445480815	1.1721214350883973
186000	8.215586445480815	1.1721214350883973
186500	8.176443131448508	1.037704914650736
187000	8.176443131448508	1.037704914650736
187500	8.176443131448508	1.037704914650736
188000	8.173913476421344	1.1076591914709815
188500	8.161265201285525	1.457430575572209
189000	8.158735546258363	1.5273848523924545
189500	8.15098027244579	1.6671698863842663
190000	8.131592087914354	2.016632471363796
190500	8.063435965919794	2.342337596509139
191000	7.800208094072753	2.5730128823177365
191500	7.800208094072753	2.5730128823177365
192000	7.600206597451958	2.637039449845927
192500	7.333537935290899	2.7224082065501793
193000	7.333537935290899	2.7224082065501793
193500	7.193960530328944	2.7115386148335405
194000	6.845017017924057	2.6843646355419435
194500	6.4960735055191705	2.6571906562503464
195000	6.147129993114284	2.6300166769587494
195500	5.818184183147947	2.510456423924595
196000	5.555027535174878	2.4148082214972706
196500	5.517770340267777	2.1372980389315592
197000	5.471198846633901	1.79041031072442
197500	5.461884547907125	1.7210327650829922
198000	5.618752182842847	1.4891005657020684
198500	5.77561981777857	1.2571683663211446
199000	5.844180767936435	1.2430475974521775
199500	6.18698551872576	1.1724437531073422
200000	6.392668369199355	1.1300814465004412
200500	6.392668369199355	1.1300814465004412
201000	6.526622070011983	1.0893824779803274
201500	6.526622070011983	1.0893824779803274
202000	6.526622070011983	1.0893824779803274
202500	6.526622070011983	1.0893824779803274
203000	6.526622070011983	1.0893824779803274
203500	6.526622070011983	1.0893824779803274
204000	6.526622070011983	1.0893824779803274
204500	6.252350553170975	1.0330341412725503
205000	5.909511157119715	0.9625987203878287
205500	5.566671761068455	0.8921632995031068
206000	5.292400244227447	0.8358149627953291
206500	5.292400244227447	0.8358149627953291
207000	5.292400244227447	0.8358149627953291
207500	5.292400244227447	0.8358149627953291
208000	5.292400244227447	0.8358149627953291
208500	5.292400244227447	0.8358149627953291
209000	5.292400244227447	0.8358149627953291
209500	5.292400244227447	0.8358149627953291
210000	5.292400244227447	0.8358149627953291
210500	5.292400244227447	0.8358149627953291
211000	5.292400244227447	0.8358149627953291
211500	5.292400244227447	0.8358149627953291
212000	5.292400244227447	0.8358149627953291
212500	5.315725912368234	0.9738581198361107
213000	5.374040082720201	1.3189660124380644
213500	5.446636162502582	1.660885003064571
214000	5.540655106430584	1.998020640727906
214500	5.581391120153359	2.0549467084471664
215000	5.785071188767238	2.3395770470434676
215500	5.948015243658342	2.5672813179205085
216000	6.070974654180714	2.6342214655450165
216500	6.378373180486642	2.8015718346062863
217000	6.685771706792571	2.9689222036675544
217500	6.9573393883948915	2.9007240049439744
218000	7.296798990397792	2.8154762565395
218500	7.630318608503117	2.714690367447812
219000	7.94007829101814	2.5517519156072677
219500	8.187886037030156	2.4214011541348333
220000	8.20249842373842	2.141782703107924
220500	8.220763907123752	1.7922596393242873
221000	8.228070100477886	1.6524504138108327
221500	8.191814308153218	1.304333310635894
222000	8.162809674293483	1.0258396280959432
222500	8.162809674293483	1.0258396280959432
223000	8.162809674293483	1.0258396280959432
223500	8.162809674293483	1.0258396280959432
224000	8.271001790249958	1.2058242553418856
224500	8.45132198351075	1.5057986340851233
225000	8.620381053957594	1.8112366381771476
225500	8.744395633148644	2.1385291436643152
226000	8.852883678871695	2.4710221485702353
226500	8.95102070228275	2.806982153088656
227000	9.034053972117352	3.146459303381324
227500	9.094431611587272	3.491212172335363
228000	9.154809251057191	3.8359650412894
228500	9.188596988076993	4.183644963714505
229000	9.20465812346338	4.533276255120321
229500	9.197886917085778	4.812505507700966
230000	9.164897765755388	5.160947347746763
230500	9.15829993548931	5.2306357157559225
231000	9.157730225078858	5.440634942968902
231500	9.157160514668407	5.650634170181882
232000	9.157160514668407	5.650634170181882
232500	9.157160514668407	5.650634170181882
233000	9.157160514668407	5.650634170181882
233500	9.157160514668407	5.650634170181882
234000	9.157160514668407	5.650634170181882
234500	9.157160514668407	5.650634170181882
235000	9.350087863380216	5.358608421113361
235500	9.543015212092024	5.066582672044841
236000	9.697357091061471	4.832962072790024
236500	9.697357091061471	4.832962072790024
237000	9.697357091061471	4.832962072790024
237500	9.627726213032844	4.8401412666836565
238000	9.279571822889706	4.876037236151819
238500	9.209940944861078	4.883216430045451
239000	9.025719162169398	4.984024836351171
239500	8.718682857683266	5.1520388468607035
240000	8.65727559678604	5.185641648962609
240500	8.65727559678604	5.185641648962609
241000	8.65727559678604	5.185641648962609
241500	8.646729856046072	5.116440584286946
242000	8.59400115234623	4.770435260908628
242500	8.562363930126324	4.562832066881637
243000	8.562363930126324	4.562832066881637
243500	8.562363930126324	4.562832066881637
244000	8.562363930126324	4.562832066881637
244500	8.562363930126324	4.562832066881637
245000	8.562363930126324	4.562832066881637
245500	8.562363930126324	4.562832066881637
246000	8.562363930126324	4.562832066881637
246500	8.659717378157728	4.376761364845027
247000	8.821973124876735	4.066643528117344
247500	8.984228871595741	3.75652569138966
248000	9.146484618314746	3.446407854661976
248500	9.178935767658546	3.384384287316439
249000	9.178935767658546	3.384384287316439
249500	9.178935767658546	3.384384287316439
250000	9.178935767658546	3.384384287316439
250500	9.178935767658546	3.384384287316439
251000	9.178935767658546	3.384384287316439
251500	9.178935767658546	3.384384287316439
252000	9.175644850746748	3.314461688209429
252500	9.159190266187759	2.96484869267438
253000	9.142735681628766	2.615235697139331
253500	9.060363813562113	2.3460441099151974
254000	8.71432281146482	2.3985381559347263
254500	8.368281809367527	2.451032201954255
255000	8.022240807270235	2.503526247973784
255500	7.813851616310556	2.526475440801337
256000	7.463987665706748	2.5362333129000425
256500	7.11412371510294	2.545991184998748
257000	6.764319102344279	2.5576459052563445
257500	6.414529324046906	2.5697748375536626
258000	6.064739545749532	2.5819037698509812
258500	5.714939557832431	2.5937287306910983
259000	5.365124255485739	2.605097734345414
259500	5.015308953139047	2.61646673799973
260000	4.668689964461339	2.604533352722894
260500	4.334856230459567	2.499390411721447
261000	4.001022496457796	2.3942474707200003
261500	3.9342557496574413	2.373218882519711
262000	3.8373042265785635	2.2722218421042326
262500	3.594925418881369	2.0197292410655363
263000	3.3525466111841746	1.7672366400268404
263500	3.2953261824519604	1.5651826310695776
264000	3.2190322774756757	1.295777285793227
264500	3.2190322774756757	1.295777285793227
265000	3.101970423625354	1.2189884690740858
265500	2.80931578899955	1.0270164272762334
266000	2.5751920812989058	0.8734387938379514
266500	2.5751920812989058	0.8734387938379514
267000	2.3654766944712535	0.8625091768397044
267500	2.0159510497585	0.8442931485092928
268000	1.667160176144528	0.8404656315997974
268500	1.3213083869256796	0.8941921603739655
269000	1.1137973133943706	0.9264280776384664
269500	0.8264800487950686	1.1263000102932912
270000	0.7115531429553478	1.206248783355221
270500	0.7570899278160894	1.482521114985709
271000	0.7912425164616457	1.689725363708575
271500	0.7912425164616457	1.689725363708575
272000	0.7912425164616457	1.689725363708575
272500	0.8816848000400448	1.796590668373487
273000	1.1077905089860425	2.063753930035767
273500	1.1077905089860425	2.063753930035767
274000	1.1077905089860425	2.063753930035767
274500	1.1077905089860425	2.063753930035767
275000	1.1077905089860425	2.063753930035767
275500	1.1077905089860425	2.063753930035767
276000	1.1772962705827787	2.1852814952415986
276500	1.1772962705827787	2.1852814952415986
277000	1.1772962705827787	2.1852814952415986
277500	1.1772962705827787	2.1852814952415986
278000	1.1772962705827787	2.1852814952415986
278500	1.1772962705827787	2.1852814952415986
279000	1.123116303057295	2.140958463768813
279500	0.8522164654298766	1.9193433064048853
280000	0.8522164654298766	1.9193433064048853
280500	0.8253543307510336	1.7110684262092755
281000	0.7805841062862954	1.3639436258832591
281500	0.7447679267145049	1.086243785622446
282000	1.0016926677368636	0.97493485763105
282500	1.322848594014812	0.8357986976418046
283000	1.4513109645259914	0.7801442336461064
283500	1.8007949398031675	0.7611455225197702
284000	2.1502789150803436	0.7421468113934339
284500	2.495823323315021	0.7765782779359954
285000	2.838741353521366	0.846629862924489
285500	3.1105669632794686	0.9117718915749431
286000	3.4409409214509457	1.0273272798617326
286500	3.7713148796224227	1.1428826681485218
287000	4.098062340427094	1.2669530841828405
287500	4.410303811764541	1.4250836112072771
288000	4.597648694567009	1.519961927421939
288500	4.597648694567009	1.519961927421939
289000	4.723751434573665	1.580773924287801
289500	5.039008284590306	1.732803916452456
290000	5.354265134606947	1.8848339086171115
290500	5.354265134606947	1.8848339086171115
291000	5.354265134606947	1.8848339086171115
291500	5.354265134606947	1.8848339086171115
292000	5.549176805709633	2.1755389833371064
292500	5.744088476812321	2.466244058057101
293000	5.744088476812321	2.466244058057101
293500	5.744088476812321	2.466244058057101
294000	5.744088476812321	2.466244058057101
294500	5.744088476812321	2.466244058057101
295000	6.08971202482196	2.521419805095333
295500	6.435335572831599	2.5765955521335653
296000	6.642709701637383	2.609701000356505
296500	6.642709701637383	2.609701000356505
297000	6.642709701637383	2.609701000356505
297500	6.642709701637383	2.609701000356505
298000	6.642709701637383	2.609701000356505
298500	6.642709701637383	2.609701000356505
299000	6.642709701637383	2.609701000356505
299500	6.752326109813264	2.696788560080145
300000	7.026367130252968	2.9145074593892457
300500	7.300408150692672	3.1322263586983463
301000	7.355216354780612	3.175770138560167
301500	7.405007105384504	3.224972589254224
302000	7.653960858403962	3.4709848427245085
302500	7.853123860819527	3.667794645500736
303000	7.853123860819527	3.667794645500736
303500	8.186217074614481	3.775260504841033
304000	8.519310288409436	3.8827263641813294
304500	8.519310288409436	3.8827263641813294
305000	8.519310288409436	3.8827263641813294
305500	8.519310288409436	3.8827263641813294
306000	8.69746506281187	3.993905842312942
306500	8.994389686815929	4.179204972532296
307000	9.291314310819986	4.36450410275165
307500	9.588238934824044	4.549803232971007
308000	9.588238934824044	4.549803232971007
308500	9.724677950428186	4.7094415586355325
309000	9.770157622296233	4.762654333857041
309500	9.770157622296233	4.762654333857041
310000	9.770157622296233	4.762654333857041
310500	9.770157622296233	4.762654333857041
311000	9.770157622296233	4.762654333857041
311500	9.667809737944355	4.502030254829998
312000	9.539874882504506	4.176250156046195
312500	9.411940027064656	3.850470057262392
313000	9.284005171624804	3.5246899584785902
313500	9.15607031618495	3.1989098596947882
314000	9.028135460745098	2.8731297609109863
314500	8.811890613931714	2.6656520271419017
315000	8.463180780058037	2.635627840894893
315500	8.11447094618436	2.6056036546478847
316000	7.764807719491307	2.592958919376556
316500	7.4149061445934095	2.5846590468491475
317000	7.065004569695512	2.5763591743217398
317500	6.925043939736353	2.573039225310777
318000	6.576272838197686	2.5437353223027146
318500	6.227501736659018	2.5144314192946524
319000	5.941325963032621	2.3798688522621925
319500	5.749043181274628	2.087418289193137
320000	5.556760399516635	1.7949677261240802
320500	5.44139073046184	1.6194973882826458
321000	5.44139073046184	1.6194973882826458
321500	5.418417138968677	1.553374668330232
322000	5.303549181502868	1.222761068568164
322500	5.303549181502868	1.222761068568164
323000	5.220027705007607	0.9555080742649171
323500	5.178266966759976	0.8218815771132936
324000	5.178266966759976	0.8218815771132936
324500	5.178266966759976	0.8218815771132936
325000	5.178266966759976	0.8218815771132936
325500	5.181520345275686	0.9618437703235799
326000	5.189653791564964	1.3117492533492954
326500	5.197787237854241	1.6616547363750107
327000	5.2059206841435195	2.0115602194007263
327500	5.193535908824653	2.3613410326828452
328000	5.181151133505788	2.711121845964964
328500	5.122279463050581	3.053994450941713
329000	5.032416529171147	3.392261583714882
329500	5.014443942395261	3.459915010269516
330000	5.0069148769490885	3.529508926479967
330500	4.969269549718224	3.877478507532221
331000	4.947514810459456	4.225352984889408
331500	4.980960900563148	4.503348234950945
332000	4.980960900563148	4.503348234950945
332500	4.980960900563148	4.503348234950945
333000	4.980960900563148	4.503348234950945
333500	5.188341246447746	4.536414715573837
334000	5.533975156255409	4.591525516611991
334500	5.879609066063073	4.646636317650145
335000	6.226735499920339	4.691067960730926
335500	6.574235064790005	4.732829814322361
336000	6.921734629659672	4.774591667913797
336500	7.24516320669371	4.908359958467788
337000	7.309848922100518	4.935113616578585
337500	7.309848922100518	4.935113616578585
338000	7.430705031518668	4.682539269472018
338500	7.430705031518668	4.682539269472018
339000	7.430705031518668	4.682539269472018
339500	7.435531317358583	4.612705846492822
340000	7.454836460718243	4.333372154576035
340500	7.454836460718243	4.333372154576035
341000	7.454836460718243	4.333372154576035
341500	7.454836460718243	4.333372154576035
342000	7.179053964933892	4.284957125721834
342500	6.834325845203452	4.224438339654083
343000	6.489597725473008	4.163919553586331
343500	6.142008632168135	4.1242873205032184
344000	5.793704295469656	4.089876725666265
344500	5.444822825131906	4.074550767542158
345000	5.095075654335251	4.0878517644873185
345500	4.7453284835385965	4.10115276143248
346000	4.400558406395124	4.161432060586362
346500	4.0557883292516514	4.221711359740245
347000	3.7238348677058157	4.326112374011574
347500	3.400425816558406	4.459927865027869
348000	3.1456600978091886	4.575045978420617
348500	2.842058657505331	4.749190072335462
349000	2.781338369444559	4.78401889111843
349500	2.4483589383441546	4.676200996202739
350000	2.315167165903993	4.633073838236462
350500	2.315167165903993	4.633073838236462
351000	2.3218852513160035	4.423181324486218
351500	2.32636397492401	4.283252981986055
352000	2.32636397492401	4.283252981986055
352500	2.32636397492401	4.283252981986055
353000	2.32636397492401	4.283252981986055
353500	2.32636397492401	4.283252981986055
354000	2.32636397492401	4.283252981986055
354500	2.32636397492401	4.283252981986055
355000	2.32636397492401	4.283252981986055
355500	2.32636397492401	4.283252981986055
356000	2.32636397492401	4.283252981986055
356500	2.200535515697811	4.451381500830305
357000	2.1166498762136783	4.563467180059805
357500	1.9947512424042861	4.632320089042677
358000	1.6900046578808063	4.804452361499859
358500	1.5806838760159987	4.889477248552123
359000	1.3388265512154403	5.142469411356263
359500	1.2904550862553286	5.193067843917091
360000	1.1835367314392768	5.283447406891409
360500	0.9162408443991481	5.509396314327206
361000	0.8627816669911224	5.554586095814366
361500	0.8627816669911224	5.554586095814366
362000	0.8627816669911224	5.554586095814366
362500	0.8627816669911224	5.554586095814366
363000	1.1411392976045494	5.584868590415685
363500	1.489086335871333	5.622721708667333
364000	1.6290489006709976	5.61948435562824
364500	1.978955312670159	5.611390973030506
365000	2.328863961077614	5.609674118971345
365500	2.6787759640975106	5.61752205772004
366000	3.0285843230937672	5.615997305824239
366500	3.378237216054564	5.600413517961692
367000	3.727587689859515	5.579543533918044
367500	4.076736550893902	5.5551494190869946
368000	4.42588541192829	5.530755304255944
368500	4.42588541192829	5.530755304255944
369000	4.42588541192829	5.530755304255944
369500	4.442210687169483	5.391710400040438
370000	4.466698600031273	5.183143043717179
370500	4.470503727224734	5.113246541608406
371000	4.48952936319204	4.763764031064545
371500	4.497139617578963	4.623971026847
372000	4.65077874326909	4.389887667640982
372500	4.842827650381748	4.09728346863346
373000	5.0302621321246725	3.8018986093702276
373500	5.199238912388644	3.495391109084148
374000	5.3682156926526154	3.1888836087980685
374500	5.3682156926526154	3.1888836087980685
375000	5.162731938322118	2.998682592222856
375500	4.905877245408996	2.7609313215038407
376000	4.700393491078501	2.5707303049286283
376500	4.361794728158688	2.4821251259085875
377000	4.1586354704068	2.4289620184965623
377500	3.896874628719197	2.3295574825890006
378000	3.569673576609693	2.2053018127045485
378500	3.5042333661877922	2.180450678727658
379000	3.5042333661877922	2.180450678727658
379500	3.2282676540441955	2.133091141978682
380000	2.8833105138646995	2.0738917210424628
380500	2.8143190858288003	2.0620518368552188