17500	10.3	1.5
18000	10.1607621777	1.7429255623
18500	9.9867148998	2.0465825153
19000	9.8305902492	2.3574406547
19500	9.7461561077	2.6971035401
20000	9.6617219662	3.0367664256
20500	9.5772878247	3.376429311
21000	9.6252545014	3.6522901418
21500	9.6852128472	3.9971161802
22000	9.6683706284	4.2766091849
22500	9.6473178549	4.6259754407
23000	9.6431073002	4.6958486919
23500	9.5718959197	4.9666418589
24000	9.5184873842	5.1697367341
24500	9.5184873842	5.1697367341
25000	9.4499545462	5.2918156025
25500	9.3814217081	5.4138944709
26000	9.3814217081	5.4138944709
26500	9.3814217081	5.4138944709
27000	9.3814217081	5.4138944709
27500	9.042494237		5.3265550793
28000	8.8391377543	5.2741514444
28500	8.8391377543	5.2741514444
29000	8.6894011657	5.037552725
29500	8.5770987242	4.8601036855
30000	8.5770987242	4.8601036855
30500	8.5770987242	4.8601036855
31000	8.5770987242	4.8601036855
31500	8.5770987242	4.8601036855
32000	8.5495091055	4.5814662635
32500	8.5495091055	4.5814662635
33000	8.5495091055	4.5814662635
33500	8.5495091055	4.5814662635
34000	8.6054931789	4.5394450364
34500	8.8854135458	4.3293389008
35000	9.1653339127	4.1192327652
35500	9.4452542796	3.9091266296
36000	9.7251746464	3.6990204941
36500	9.7811587198	3.656999267
37000	9.7811587198	3.656999267
37500	9.7811587198	3.656999267
38000	9.7811587198	3.656999267
38500	9.7631802035	4.006537209
39000	9.7452016872	4.3560751511
39500	9.7272231709	4.7056130932
40000	9.7164360611	4.9153358584
40500	9.7164360611	4.9153358584
41000	9.7164360611	4.9153358584
41500	9.4688326537	4.6679645734
42000	9.2212292463	4.4205932884
42500	8.9736258389	4.1732220034
43000	8.7260224316	3.9258507184
43500	8.4399094692	3.7513560281
44000	8.0960321744	3.6861762298
44500	7.9584812564	3.6601043105
45000	7.8890917869	3.6693293586
45500	7.542144439		3.7154545992
46000	7.2645865607	3.7523547916
46500	7.2645865607	3.7523547916
47000	7.2617117781	3.8222957355
47500	7.2473378652	4.1720004547
48000	7.2329639522	4.5217051738
48500	7.2300891696	4.5916461177
49000	7.2323399653	4.7316280234
49500	7.2379669546	5.0815827876
50000	7.242468546		5.3615465989
50500	7.242468546		5.3615465989
51000	7.1659912385	5.478812201
51500	6.9747979697	5.7719762063
52000	6.936559316		5.8306090073
52500	6.7966498213	5.8255757867
53000	6.4468760847	5.8129927352
53500	6.0971023481	5.8004096836
54000	5.8868839077	5.5205736472
54500	5.8868839077	5.5205736472
55000	5.8868839077	5.5205736472
55500	5.6485116053	5.2642951942
56000	5.6485116053	5.2642951942
56500	5.6485116053	5.2642951942
57000	5.6485116053	5.2642951942
57500	5.6485116053	5.2642951942
58000	5.6485116053	5.2642951942
58500	5.6485116053	5.2642951942
59000	5.692205046		5.1312881145
59500	5.8014386477	4.7987704154
60000	5.8669788087	4.5992597958
60500	5.9552312584	4.4905790472
61000	6.1758623826	4.2188771756
61500	6.3964935068	3.947175304
62000	6.5621524069	3.7214384465
62500	6.7692260319	3.4392673746
63000	6.9473156219	3.2238050584
63500	7.1854659717	2.9673203399
64000	7.4236163216	2.7108356213
64500	7.6904286203	2.4852999029
65000	7.9644064062	2.2675014345
65500	8.1287930778	2.1368223535
66000	8.1287930778	2.1368223535
66500	8.1431776545	1.8571920906
67000	8.153966087		1.6474693934
67500	8.1558958735	1.577495999
68000	8.1655448059	1.227629027
68500	8.1713341654	1.0177088438
69000	8.1713842313	0.9477088617
69500	8.1713842313	0.9477088617
70000	8.1713842313	0.9477088617
70500	8.1713842313	0.9477088617
71000	8.1713842313	0.9477088617
71500	8.1713842313	0.9477088617
72000	8.1713842313	0.9477088617
72500	8.1713842313	0.9477088617
73000	8.1713842313	0.9477088617
73500	8.1713842313	0.9477088617
74000	8.1713842313	0.9477088617
74500	8.2992429128	1.1968115665
75000	8.4590662648	1.5081899475
75500	8.6188896168	1.8195683285
76000	8.7787129687	2.1309467095
76500	8.9385363207	2.4423250906
77000	9.0983596727	2.7537034716
77500	9.2581830246	3.0650818526
78000	9.2931028683	3.4073419336
78500	9.2967968348	3.7573224397
79000	9.3004908013	4.1073029457
79500	9.3041847679	4.4572834518
80000	9.3078787344	4.8072639578
80500	9.311572701		5.1572444639
81000	9.3137890809	5.3672327675
81500	9.3137890809	5.3672327675
82000	9.3137890809	5.3672327675
82500	9.1508549919	5.05747079
83000	8.987920903		4.7477088126
83500	8.8249868141	4.4379468352
84000	8.6620527251	4.1281848578
84500	8.4991186362	3.8184228803
85000	8.3669165861	3.6743390991
85500	8.0317745135	3.5734441479
86000	7.6966324409	3.4725491968
86500	7.3614903683	3.3716542456
87000	7.0146246007	3.3610175727
87500	6.6648279093	3.3729454693
88000	6.3182456616	3.4035856311
88500	5.9845211884	3.5090748532
89000	5.6507967152	3.6145640754
89500	5.317072242		3.7200532975
90000	4.9833573486	3.8255728023
90500	4.6496807744	3.9312134376
91000	4.3160042002	4.0368540729
91500	4.1157982557	4.1002384542
92000	3.9366472218	4.209805361
92500	3.6380621654	4.3924168723
93000	3.339477109		4.5750283836
93500	3.2797600977	4.6115506859
94000	3.2797600977	4.6115506859
94500	3.139905062		4.605181305
95000	2.790267473		4.589257853
95500	2.440629884		4.5733344009
96000	2.1010022949	4.5574109488
96500	1.7457502375	4.5032173935
97000	1.4016070631	4.4394563123
97500	1.4016070631	4.4394563123
98000	1.3379751091	4.4102848463
98500	1.1470792471	4.3227704482
99000	1.1470792471	4.3227704482
99500	1.1470792471	4.3227704482
100000	1.1470792471	4.3227704482
100500	1.1470792471	4.3227704482
101000	1.1470792471	4.3227704482
101500	1.1470792471	4.3227704482
102000	1.1470792471	4.3227704482
102500	1.1470792471	4.3227704482
103000	1.1470792471	4.3227704482
103500	1.1470792471	4.3227704482
104000	1.3257464906	4.433124497
104500	1.6235252298	4.6170479118
105000	1.9213039689	4.8009713265
105500	2.2190827081	4.9848947413
106000	2.5334676936	5.1296100259
106500	2.8727620484	5.2155131155
107000	3.2120564032	5.3014162051
107500	3.5516186171	5.3862434355
108000	3.8915826198	5.4694568772
108500	4.2315466225	5.5526703189
109000	4.5715106252	5.6358837606
109500	4.5715106252	5.6358837606
110000	4.5715106252	5.6358837606
110500	4.5715106252	5.6358837606
111000	4.5715106252	5.6358837606
111500	4.5715106252	5.6358837606
112000	4.5715106252	5.6358837606
112500	4.5715106252	5.6358837606
113000	4.2321130915	5.5503892336
113500	3.8927155579	5.4648947065
114000	3.5533180242	5.3794001795
114500	3.2084209349	5.3642093471
115000	2.8598574752	5.3958876444
115500	2.5112940154	5.4275659417
116000	2.1627305557	5.4592442391
116500	1.8141670959	5.4909225364
117000	1.744454404		5.4972581959
117500	1.674690075		5.5029973953
118000	1.3258684304	5.5316933924
118500	0.9770467858	5.5603893895
119000	0.9072824569	5.5661285889
119500	0.9072824569	5.5661285889
120000	0.9072824569	5.5661285889
120500	0.9072824569	5.5661285889
121000	0.9072824569	5.5661285889
121500	0.9072824569	5.5661285889
122000	0.9072824569	5.5661285889
122500	1.0594457941	5.4214001577
123000	1.3130513561	5.1801861056
123500	1.5666569182	4.9389720536
124000	1.8202624802	4.6977580015
124500	2.0738680422	4.4565439495
125000	2.3274736043	4.2153298974
125500	2.3274736043	4.2153298974
126000	2.3274736043	4.2153298974
126500	2.3274736043	4.2153298974
127000	2.3274736043	4.2153298974
127500	2.3274736043	4.2153298974
128000	2.3274736043	4.2153298974
128500	2.3274736043	4.2153298974
129000	2.3274736043	4.2153298974
129500	2.3274736043	4.2153298974
130000	2.3274736043	4.2153298974
130500	2.3274736043	4.2153298974
131000	2.3274736043	4.2153298974
131500	2.3274736043	4.2153298974
132000	2.3444542194	4.4246422447
132500	2.3670950396	4.7037253743
133000	2.710432824		4.7716898195
133500	3.0537706084	4.8396542646
134000	3.3044059144	4.7846021776
134500	3.5876563949	4.5790075151
135000	3.6443064911	4.5378885826
135500	3.8910334825	4.4055035696
136000	4.0760787261	4.3062148098
136500	4.0760787261	4.3062148098
137000	4.0760787261	4.3062148098
137500	4.0760787261	4.3062148098
138000	4.3954163077	4.1629545256
138500	4.7147538892	4.0196942415
139000	5.0340914708	3.8764339574
139500	5.2207618346	3.6175693646
140000	5.3189873867	3.2816352328
140500	5.3386324971	3.2144484064
141000	5.3693307209	2.9361363171
141500	5.4077035006	2.5882462055
142000	5.4077035006	2.5882462055
142500	5.4187762417	2.3084652297
143000	5.4326171682	1.95873901
143500	5.4409217241	1.7489032782
144000	5.2901427639	1.4330461821
144500	5.1996753878	1.2435319244
145000	5.1924475879	1.173906075
145500	5.1779919881	1.0346543761
146000	5.1779919881	1.0346543761
146500	5.1779919881	1.0346543761
147000	5.1779919881	1.0346543761
147500	5.1779919881	1.0346543761
148000	5.1779919881	1.0346543761
148500	5.1779919881	1.0346543761
149000	5.1779919881	1.0346543761
149500	5.1779919881	1.0346543761
150000	5.2479479566	1.0321719418
150500	5.5977277988	1.0197597703
151000	5.9475076409	1.0073475988
151500	6.2972874831	0.9949354273
152000	6.5071553884	0.9874881245
152500	6.5071553884	0.9874881245
153000	6.5071553884	0.9874881245
153500	6.5071553884	0.9874881245
154000	6.5071553884	0.9874881245
154500	6.4221269474	0.8762668845
155000	6.2095558448	0.5982137846
155500	6.2095558448	0.5982137846
156000	6.2095558448	0.5982137846
156500	6.2095558448	0.5982137846
157000	6.2095558448	0.5982137846
157500	6.2095558448	0.5982137846
158000	6.2095558448	0.5982137846
158500	6.2095558448	0.5982137846
159000	5.9744313348	0.7502547818
159500	5.7980879523	0.8642855296
160000	5.7980879523	0.8642855296
160500	5.6581627616	0.8688616618
161000	5.3083497846	0.8803019922
161500	5.1684245938	0.8848781244
162000	5.1684245938	0.8848781244
162500	5.1684245938	0.8848781244
163000	5.1684245938	0.8848781244
163500	5.1421543479	0.9497616676
164000	5.0108031179	1.2741793835
164500	4.984532872		1.3390629267
165000	4.984532872		1.3390629267
165500	4.6848886006	1.5199311401
166000	4.565030892		1.5922784255
166500	4.565030892		1.5922784255
167000	4.2856889027	1.6114631332
167500	3.9365114161	1.6354440178
168000	3.8666759188	1.6402401947
168500	3.7377562758	1.6948270582
169000	3.4154571685	1.831294217
169500	3.2220777041	1.9131745122
170000	3.2220777041	1.9131745122
170500	3.0186415612	1.965268041
171000	2.8152054182	2.0173615698
171500	2.8152054182	2.0173615698
172000	2.8152054182	2.0173615698
172500	2.8152054182	2.0173615698
173000	2.8152054182	2.0173615698
173500	2.8152054182	2.0173615698
174000	2.8152054182	2.0173615698
174500	2.8152054182	2.0173615698
175000	2.8152054182	2.0173615698
175500	2.8152054182	2.0173615698
176000	2.8152054182	2.0173615698
176500	2.8152054182	2.0173615698
177000	3.0239134873	2.0406197274
177500	3.3717602691	2.0793833235
178000	3.3717602691	2.0793833235
178500	3.7074671694	2.1783827029
179000	4.0431740696	2.2773820824
179500	4.1074995895	2.3049905501
180000	4.4291271891	2.4430328884
180500	4.493452709		2.4706413561
181000	4.5580957973	2.4974978478
181500	4.8813112384	2.6317803061
182000	5.0752405031	2.7123497811
182500	5.0752405031	2.7123497811
183000	5.3524150546	2.7520268274
183500	5.698883244		2.8016231352
184000	6.0453514333	2.851219443
184500	6.3918196227	2.9008157509
185000	6.7383481325	2.8913209618
185500	7.0849168558	2.8424321081
186000	7.4234812308	2.7695399962
186500	7.7300282125	2.6006348513
187000	8.0365751943	2.4317297063
187500	8.3492069184	2.274510079
188000	8.6633598281	2.1202118311
188500	8.98066835		1.9734103949
189000	9.3105993204	1.8565962059
189500	9.6405302908	1.739782017
190000	9.9044750672	1.6463306658
190500	10.2445006534	1.5633692247
191000	10.3125057707	1.5467769365
191500	10.3125057707	1.5467769365
192000	10.3125057707	1.5467769365
192500	10.3125057707	1.5467769365
193000	10.3125057707	1.5467769365
193500	10.1025895634	1.5408451635
194000	9.752729218		1.5309588751
194500	9.4028688726	1.5210725867
195000	9.0690308519	1.4364634848
195500	8.7458743811	1.3020391738
196000	8.4227179103	1.1676148629
196500	8.1761791465	0.919182502
197000	8.1761791465	0.919182502
197500	8.1761791465	0.919182502
198000	8.173489323		0.9891308032
198500	8.1600402056	1.3388723095
199000	8.1465910881	1.6886138158
199500	8.0670110113	2.0294466361
200000	7.9874309345	2.3702794564
200500	7.9715149191	2.4384460205
201000	7.7036503459	2.5199847868
201500	7.3688196294	2.6219082447
202000	7.3018534861	2.6422929362
202500	7.0918701981	2.6396436417
203000	6.7418980514	2.6352281509
203500	6.3919259047	2.6308126601
204000	6.0774038696	2.4772682385
204500	5.7628818345	2.3237238169
205000	5.7375466474	2.1860352978
205500	5.6742086798	1.841814
206000	5.6488734928	1.7041254808
206500	5.6791207495	1.5674320155
207000	5.7547388913	1.2256983522
207500	5.7849861481	1.0890048869
208000	5.9400318201	0.9473685935
208500	6.0433956014	0.852944398
209000	6.0784123534	0.7923322946
209500	6.1834626094	0.6104959843
210000	6.1834626094	0.6104959843
210500	6.1834626094	0.6104959843
211000	6.1834626094	0.6104959843
211500	6.1834626094	0.6104959843
212000	6.1834626094	0.6104959843
212500	6.0003882295	0.7133734428
213000	5.6952642632	0.8848358735
213500	5.6952642632	0.8848358735
214000	5.6952642632	0.8848358735
214500	5.3500166026	0.8273549822
215000	5.2119175384	0.8043626257
215500	5.2119175384	0.8043626257
216000	5.1653631201	0.7520875251
216500	5.1653631201	0.7520875251
217000	5.1653631201	0.7520875251
217500	5.2357551411	0.9499383865
218000	5.3530751761	1.2796898223
218500	5.3765391831	1.3456401095
219000	5.429913541		1.6205058547
219500	5.4966314884	1.9640880363
220000	5.5233186674	2.1015209089
220500	5.6960597712	2.2209382906
221000	5.9839616109	2.4199672601
221500	6.2718634507	2.6189962295
222000	6.2718634507	2.6189962295
222500	6.6212704346	2.6393618773
223000	6.9706774184	2.6597275252
223500	7.1803346247	2.6717170995
224000	7.5298066883	2.6909336755
224500	7.8792787518	2.7101502515
225000	8.1588564027	2.7255235123
225500	8.3683022039	2.7407700317
226000	8.7173785392	2.7661808974
226500	8.9268243405	2.7814274168
227000	8.9709687978	2.8357529806
227500	9.1916910848	3.1073807996
228000	9.3682689144	3.3246830548
228500	9.3682689144	3.3246830548
229000	9.3682689144	3.3246830548
229500	9.2975840552	3.6674711098
230000	9.2268991961	4.0102591649
230500	9.2268991961	4.0102591649
231000	9.2268991961	4.0102591649
231500	9.1370905107	4.117657489
232000	8.9125687973	4.3861532994
232500	8.6880470839	4.6546491099
233000	8.5732253222	4.7049490788
233500	8.5033079031	4.7015498857
234000	8.5033079031	4.7015498857
234500	8.5033079031	4.7015498857
235000	8.6611998346	4.3891876953
235500	8.7559349934	4.201770381
236000	8.7559349934	4.201770381
236500	8.8670969667	4.2868762898
237000	9.1450018999	4.4996410616
237500	9.422906833		4.7124058334
238000	9.6081732747	4.8077004482
238500	9.7378587298	4.8604421087
239000	9.7378587298	4.8604421087
239500	9.7378587298	4.8604421087
240000	9.7233667968	4.7919586517
240500	9.650907132		4.4495413669
241000	9.5784474671	4.107124082
241500	9.4122620428	3.8342767688
242000	9.1054879792	3.6657844132
242500	9.0441331665	3.6320859421
243000	8.7674822988	3.6752634527
243500	8.4216687143	3.7292353411
244000	8.2833432804	3.7508240964
244500	8.0329366553	3.8761098581
245000	7.7199283738	4.0327170602
245500	7.4069200924	4.1893242623
246000	7.2191151235	4.2832885835
246500	7.2122731167	4.3529534021
247000	7.1780630824	4.7012774948
247500	7.1575370619	4.9102719504
248000	7.1575370619	4.9102719504
248500	7.1575370619	4.9102719504
249000	7.2224152778	4.93655535
249500	7.3521717097	4.9891221493
250000	7.3521717097	4.9891221493
250500	7.3521717097	4.9891221493
251000	7.3521717097	4.9891221493
251500	7.2834712891	5.0025479533
252000	6.9399691863	5.0696769736
252500	6.5964670835	5.1368059939
253000	6.2733873098	5.2617561953
253500	5.9639224223	5.4252538509
254000	5.7163505122	5.5560519753
254500	5.7163505122	5.5560519753
255000	5.7163505122	5.5560519753
255500	5.6335394743	5.8235259591
256000	5.6335394743	5.8235259591
256500	5.6335394743	5.8235259591
257000	5.6335394743	5.8235259591
257500	5.7264660297	5.5593959621
258000	5.842624224		5.2292334659
258500	5.842624224		5.2292334659
259000	5.842624224		5.2292334659
259500	5.8223243327	4.9499703025
260000	5.8020244414	4.6707071392
260500	5.8020244414	4.6707071392
261000	5.8020244414	4.6707071392
261500	5.6518998738	4.3545384908
262000	5.5017753062	4.0383698424
262500	5.4717503927	3.9751361128
263000	5.4716922675	3.8351361248
263500	5.4715469544	3.485136155
264000	5.4714307039	3.2051361791
264500	5.4714307039	3.2051361791
265000	5.4642998576	3.1355003332
265500	5.4286456264	2.7873211038
266000	5.3929913952	2.4391418744
266500	5.3715988565	2.2302343368
267000	5.313011665		1.9564323262
267500	5.2544244734	1.6826303156
268000	5.2371716105	1.5436974587
268500	5.1940394533	1.1963653165
269000	5.1767865904	1.0574324597
269500	5.1767865904	1.0574324597
270000	5.1726463988	0.847473276
270500	5.1726463988	0.847473276
271000	5.1726463988	0.847473276
271500	5.1172289966	0.9760380905
272000	4.9786854911	1.2974501268
272500	4.9786854911	1.2974501268
273000	5.0093649254	1.3603689022
273500	5.1627620973	1.6749627796
274000	5.2854798348	1.9266378815
274500	5.3334139968	2.2025043639
275000	5.3933316993	2.5473374669
275500	5.3933316993	2.5473374669
276000	5.3933316993	2.5473374669
276500	5.0435714966	2.560291255
277000	4.7637633345	2.5706542856
277500	4.7637633345	2.5706542856
278000	4.5091957913	2.4540551177
278500	4.1909863623	2.3083061578
279000	4.0000607049	2.2208567819
279500	4.0000607049	2.2208567819
280000	3.8403241805	2.084532746
280500	3.5740966398	1.8573260195
281000	3.527225039		1.8053351257
281500	3.2928670351	1.5453806566
282000	3.0585090312	1.2854261875
282500	2.9647658296	1.1814443999
283000	2.7653732091	1.1155461231
283500	2.4330521749	1.005715662
284000	2.3001237612	0.9617834775
284500	2.1213515337	0.7462829191
285000	2.03196542		0.6385326398
285500	1.8927213271	0.6530613218
286000	1.5446110949	0.6893830268
286500	1.4749890485	0.6966473677
287000	1.341525455		0.7389258401
287500	1.0078664715	0.8446220211
288000	0.8076710813	0.9080397297
288500	0.7835350806	1.1869975284
289000	0.7533650798	1.5356947769
289500	0.7473310796	1.6054342265
290000	0.9060185136	1.8361251416
290500	1.025034089		2.0091433279
291000	1.025034089		2.0091433279
291500	1.1439869411	2.0829689264
292000	1.1572664557	1.9675375619
292500	0.9311592108	1.8023845608
293000	0.8181055883	1.7198080602
293500	0.7911301584	1.5115478235
294000	0.7461711086	1.1644474291
294500	0.7843928345	1.0433467732
295000	1.0204605136	0.7849438884
295500	1.209314657		0.5782215806
296000	1.4870445233	0.5426389815
296500	1.8342068561	0.4981607325
297000	2.1116366051	0.4824609705
297500	2.4572983513	0.5373969077
298000	2.6646953991	0.57035847
298500	2.7295888946	0.5966041218
299000	3.0540563723	0.7278323806
299500	3.37852385		0.8590606394
300000	3.6383678664	0.9633654337
300500	3.9641855151	1.0912046289
301000	4.2900031637	1.219043824
301500	4.3549102246	1.2452559098
302000	4.6794455292	1.3763163389
302500	4.9390737729	1.4811646821
303000	5.0051273851	1.5043362234
303500	5.3353954457	1.6201939297
304000	5.3638897828	1.684131968
304500	5.5063614684	2.00382216
305000	5.5348558055	2.0677601984
305500	5.5348558055	2.0677601984
306000	5.5900302476	2.1108389743
306500	5.8659024585	2.3262328537
307000	6.1417746693	2.5416267331
307500	6.3919612155	2.6210442315
308000	6.7415553703	2.6041940981
308500	6.8114742012	2.6008240714
309000	6.9513440817	2.6068586832
309500	7.3010187828	2.6219452126
310000	7.650693484		2.637031742
310500	7.7206284242	2.6400490479
311000	8.070307175		2.6550414198
311500	8.4199859259	2.6700337917
312000	8.7681895094	2.7001586969
312500	9.1141803418	2.7529824023
313000	9.3217748413	2.7846766255
313500	9.324623234		2.9946573071
314000	9.328421091		3.2746315493
